            ----------== V1 - V2 ==----------

            4   2   1   3   2   7   6   1   4

     *      0   0   0   0   0   1   0   0   0
     **	 	0	0	0	0	0	2	1	0	0
     **  		0	0	0	0	0	2	1	0	0
*    ** *	1	0	0	0	0	2	1	0	1
*  * ** *	1	0	0	1	0	2	1	0	1
** **** *	2	1	0	4	3	2	1	0	1
*********	9	8	7	6	5	4	3	2	1	Buildings on the right

            1	->	4
            2	->	1
            3	->	1	-	1	->	6
            4	->	1	-	2	->	6	-	1	->	7
            5	->	1	-	3	->	2
            6	->	1	-	4	->	2	-	1	->	3
            7	->	1
            8	->	1	-	1	->	2
            9	->	1	-	2	->	2	-	1	->	4

            0   0   0   0   0   7   0   0   0
			0	0	0	0	0	12	6	0	0
			0	0	0	0	0	10	5	0	0
			4	0	0	0	0	8	4	0	4
			3	0	0	3	0	6	3	0	3
			4	2	0	8	6	4	2	0	2
			9	8	7	6	5	4	3	2	1	Area => a[i,j] * i
