11	15	2	19	16	13	6	9	18	4	17	5	20	7	8	10	1	12	14	3	=>	20
15	2	19	16	13	6	9	18	4	17	5	20	7	8	10	1	12	14	3
-----------------------------------------------------------------------------
11	2	2	16	13	6	6	9	4	4	5	5	7	7	8	1	1	12	3		=>	16
2	19	16	13	6	9	18	4	17	5	20	7	8	10	1	12	14	3
-----------------------------------------------------------------------------
2	2	2	13	6	6	6	4	4	4	5	5	7	7	1	1	1	3			=>	13
19	16	13	6	9	18	4	17	5	20	7	8	10	1	12	14	3
-----------------------------------------------------------------------------
2	2	2	6	6	6	4	4	4	4	5	5	7	1	1	1	1				=>	7
16	13	6	9	18	4	17	5	20	7	8	10	1	12	14	3
-----------------------------------------------------------------------------
2	2	2	6	6	4	4	4	4	4	5	5	1	1	1	1					=>	6
13	6	9	18	4	17	5	20	7	8	10	1	12	14	3
-----------------------------------------------------------------------------
2	2	2	6	4	4	4	4	4	4	5	1	1	1	1						=>	6
6	9	18	4	17	5	20	7	8	10	1	12	14	3
-----------------------------------------------------------------------------
2	2	2	4	4	4	4	4	4	4	1	1	1	1							=>	4
9	18	4	17	5	20	7	8	10	1	12	14	3
-----------------------------------------------------------------------------
2	2	2	4	4	4	4	4	4	1	1	1	1								=>	4
18	4	17	5	20	7	8	10	1	12	14	3
-----------------------------------------------------------------------------
2	2	2	4	4	4	4	4	1	1	1	1									=>	4
4	17	5	20	7	8	10	1	12	14	3
-----------------------------------------------------------------------------
2	2	2	4	4	4	4	1	1	1	1										=>	4
17	5	20	7	8	10	1	12	14	3
-----------------------------------------------------------------------------
2	2	2	4	4	4	1	1	1	1											=>	4
5	20	7	8	10	1	12	14	3
-----------------------------------------------------------------------------
2	2	2	4	4	1	1	1	1												=>	4
20	7	8	10	1	12	14	3
-----------------------------------------------------------------------------
2	2	2	4	1	1	1	1													=>	4
7	8	10	1	12	14	3
-----------------------------------------------------------------------------
2	2	2	1	1	1	1														=>	2
8	10	1	12	14	3
-----------------------------------------------------------------------------
2	2	1	1	1	1															=>	2
10	1	12	14	3
-----------------------------------------------------------------------------
2	1	1	1	1																=>	2
1	12	14	3
-----------------------------------------------------------------------------
1	1	1	1																	=>	1
12	14	3
-----------------------------------------------------------------------------
1	1	1																		=>	1
14	3
-----------------------------------------------------------------------------
1	1																			=>	1
3
-----------------------------------------------------------------------------
1																				=>	1
